1 0.596672 0.658648 0.296844 0.258547
0 0.574648 0.289922 0.113391 0.087438
0 0.430969 0.254305 0.097531 0.071891
0 0.324891 0.226758 0.091375 0.079766
0 0.583297 0.186031 0.084062 0.058656
1 0.738492 0.273828 0.159328 0.125969
0 0.365469 0.210586 0.081344 0.057109
0 0.470766 0.230867 0.097313 0.065078
0 0.587109 0.243211 0.102875 0.066016
3 0.839570 0.247320 0.138047 0.156922
0 0.690875 0.208594 0.107656 0.077500
0 0.268688 0.913938 0.297500 0.172125
0 0.040086 0.921484 0.079078 0.153187
0 0.683484 0.906969 0.309594 0.185437
0 0.954617 0.928492 0.090766 0.143016
3 0.042172 0.348766 0.083250 0.118094
0 0.018281 0.333398 0.036562 0.076859
2 0.034680 0.226008 0.069359 0.142547
2 0.124945 0.148797 0.142547 0.160125
0 0.132781 0.233852 0.057500 0.073641
0 0.173734 0.176719 0.050969 0.058719
3 0.210641 0.102195 0.043250 0.059422
0 0.267063 0.090070 0.034437 0.040766
2 0.255289 0.060539 0.074172 0.087172
0 0.299227 0.089188 0.033391 0.038313
0 0.349313 0.075305 0.029531 0.036547
0 0.322250 0.070383 0.027406 0.035141
0 0.305031 0.062648 0.026719 0.030922
0 0.346328 0.050875 0.025656 0.029187
0 0.365492 0.034875 0.024609 0.032344
0 0.350023 0.025742 0.028828 0.031641
2 0.377156 0.018758 0.042844 0.037516
2 0.313820 0.025938 0.051703 0.051875
0 0.347438 0.025875 0.024125 0.025562
0 0.974016 0.316508 0.051969 0.075984
0 0.969992 0.274047 0.060016 0.062562
0 0.931891 0.120961 0.053125 0.047234
2 0.944930 0.062117 0.110141 0.124234
0 0.887273 0.052531 0.029984 0.031031
1 0.836484 0.040500 0.049156 0.044594
0 0.808930 0.019437 0.027734 0.028437
