2 0.151367 0.836453 0.298328 0.324156
0 0.939250 0.896859 0.121500 0.197250
2 0.972891 0.574992 0.054219 0.247703
1 0.442727 0.577203 0.107047 0.283031
0 0.704023 0.388453 0.069016 0.077094
1 0.469156 0.386492 0.051375 0.078422
1 0.640203 0.266375 0.045531 0.050031
0 0.284633 0.281914 0.047672 0.056141
0 0.247367 0.257930 0.034703 0.047984
0 0.923609 0.464219 0.082625 0.097031
0 0.927875 0.325867 0.053688 0.067922
0 0.959344 0.262750 0.044813 0.053344
0 0.993539 0.273945 0.012922 0.045859
0 0.488375 0.322992 0.044375 0.064297
0 0.515555 0.219172 0.030297 0.040125
0 0.566898 0.217625 0.028047 0.037031
0 0.607023 0.210328 0.033109 0.042656
0 0.567883 0.185641 0.028328 0.040406
0 0.420953 0.187383 0.022344 0.034391
0 0.407055 0.158195 0.025922 0.035828
0 0.439836 0.125070 0.019828 0.025203
0 0.443461 0.083289 0.010484 0.012922
0 0.459391 0.081156 0.012500 0.013531
0 0.475523 0.075422 0.012109 0.016937
0 0.535531 0.074203 0.011906 0.012938
0 0.545312 0.063531 0.009281 0.013313
0 0.484016 0.055516 0.007812 0.009375
0 0.571242 0.063578 0.012984 0.013531
0 0.234016 0.164617 0.055469 0.030672
0 0.266422 0.156187 0.024750 0.037937
