0 0.699094 0.778133 0.168625 0.223828
0 0.690844 0.518906 0.142938 0.143875
3 0.495914 0.476367 0.102328 0.168234
0 0.471523 0.360891 0.101266 0.095000
0 0.336562 0.326273 0.079375 0.104547
3 0.269039 0.237937 0.083266 0.102125
0 0.202234 0.198844 0.074062 0.079625
2 0.143891 0.128352 0.184063 0.130953
3 0.290461 0.180141 0.070078 0.079031
1 0.454992 0.221125 0.167141 0.224219
0 0.481172 0.085922 0.030469 0.048750
0 0.581562 0.108078 0.037094 0.057719
0 0.618867 0.156195 0.046734 0.057266
0 0.641547 0.109930 0.038938 0.049016
0 0.659414 0.133070 0.038016 0.054984
0 0.689188 0.170859 0.052687 0.070094
0 0.751273 0.214383 0.072391 0.063672
0 0.817695 0.265695 0.082453 0.071016
0 0.916398 0.335539 0.104047 0.110922
2 0.759625 0.350500 0.378281 0.348125
0 0.982570 0.392500 0.034859 0.083562
0 0.614156 0.067422 0.027688 0.042312
0 0.609070 0.045625 0.027672 0.045812
0 0.606047 0.019227 0.021000 0.024828
2 0.570414 0.034266 0.036891 0.068531
1 0.789422 0.019023 0.022594 0.037922
0 0.327297 0.007500 0.019000 0.015000
0 0.984055 0.941914 0.031891 0.116172
0 0.987414 0.479555 0.024922 0.120328
